10282145 4
50.95652173913044 579.2173913043479
2786.8571428571427 758.952380952381
1837.9333333333334 1239.6666666666667
154.74545454545455 -943.0181818181818
10282170 5
2716.8333333333335 840.6666666666666
33.0 590.36
1535.3846153846155 1458.8846153846155
2738.866666666667 -536.4
94.25 -897.1071428571429
10282220 8
-314.1818181818182 -563.1818181818181
2694.9583333333335 909.0
-7.583333333333333 565.8333333333334
3321.5384615384614 245.84615384615384
330.0238095238095 -1044.142857142857
1125.3333333333333 1620.75
2717.4375 -527.125
1823.5 1196.0833333333333
10282245 6
-315.3636363636364 -485.45454545454544
-24.791666666666668 556.125
2686.9444444444443 861.6111111111111
1775.357142857143 1387.0
2698.4615384615386 -535.6923076923077
352.4909090909091 -936.6727272727272
10282271 6
-342.5 -466.7
2663.809523809524 936.2857142857143
17.666666666666668 572.1
1653.1923076923076 1418.4615384615386
2684.8333333333335 -477.6111111111111
285.672131147541 -984.983606557377
10282296 5
39.51724137931034 594.0
2755.9032258064517 821.6774193548387
1790.95 1237.3
7.9491525423728815 -845.5932203389831
2720.0 -541.35
10282321 4
22.043478260869566 617.1304347826087
2775.1666666666665 715.4166666666666
1578.3636363636363 1565.909090909091
206.0 -892.0
10282346 6
2691.05 949.8
3290.285714285714 238.14285714285714
81.0 583.1250000000001
2679.7619047619046 -544.8095238095239
1440.2777777777778 1447.1666666666667
144.12280701754386 -903.6666666666666
10282371 6
-314.92857142857144 -472.07142857142856
2723.7727272727275 825.1363636363636
224.6590909090909 -1084.8181818181818
63.04347826086956 608.0434782608696
1683.3 1392.6
2759.5 -658.875
10282396 5
2666.25 857.625
-39.4074074074074 549.4814814814815
2646.684210526316 -434.6842105263158
1495.4 1505.1333333333334
176.41176470588235 -854.6666666666666
10282421 5
2694.6666666666665 927.9333333333333
15.285714285714286 556.8095238095239
1757.2631578947369 1293.2631578947369
2698.4545454545455 -556.4090909090909
137.77380952380952 -847.7261904761905
10282446 5
2736.05 834.85
2846.4545454545455 -968.8181818181819
42.68421052631579 574.1578947368421
1640.157894736842 1401.6315789473683
179.03225806451613 -864.0322580645161
10282471 5
2688.55 879.0
30.36842105263158 602.5263157894736
1758.7857142857142 1244.4285714285713
95.52631578947368 -930.8421052631579
2717.5555555555557 -555.0
10282496 4
46.53846153846154 589.0769230769231
2766.269230769231 870.3846153846154
75.85915492957747 -901.0281690140844
1543.8636363636363 1403.5454545454545
10282521 5
2746.5 891.2222222222222
-17.8125 550.8125
1696.6 1459.1
3036.9444444444443 66.0
228.578125 -899.453125
10282546 5
-296.8333333333333 -471.8333333333333
26.56 550.76
2756.8333333333335 784.0833333333334
332.5245901639344 -987.1147540983607
2667.6315789473683 -553.421052631579
10282571 6
-329.9 -483.3
1.1666666666666667 571.2666666666667
2672.12 -460.32
340.16129032258067 -934.3225806451613
1713.764705882353 1404.1764705882354
2865.516129032258 735.741935483871
10282597 6
-294.57142857142856 -450.14285714285717
58.30434782608695 605.6521739130435
2724.3333333333335 859.9666666666667
273.7719298245614 -1023.7543859649123
1731.6923076923076 1207.7692307692307
2821.714285714286 -836.1428571428571
10282622 4
2744.5789473684213 796.2631578947369
-56.25806451612903 521.6129032258065
2703.0666666666666 -528.3333333333334
172.22580645161287 -954.2580645161291
10282647 5
44.46153846153846 653.6153846153846
2717.769230769231 -678.5384615384615
1461.6666666666667 1474.9259259259259
114.07142857142857 -949.8214285714286
2890.6206896551726 675.551724137931
10282672 5
2682.7 877.95
-38.76 523.12
2686.4444444444443 -492.8333333333333
218.9240506329114 -903.3924050632911
1484.1739130434783 1508.304347826087
10282697 5
2718.8 916.5333333333333
-25.384615384615383 552.1538461538462
211.16666666666666 -906.3833333333333
2681.608695652174 -506.8695652173913
1531.0 1384.9333333333334
10282722 5
2710.4375 913.9375
30.391304347826086 559.3478260869565
2715.409090909091 -584.9545454545455
1527.5925925925926 1487.888888888889
162.390625 -858.75
10282747 6
763.1 -493.4
-11.884615384615385 571.5
2763.277777777778 831.8888888888889
1729.5 1237.3333333333333
2683.3809523809523 -534.952380952381
95.51724137931035 -949.0
10282772 4
2759.0 859.9545454545455
43.2 567.8
1511.5263157894738 1429.6315789473683
169.06153846153848 -881.3538461538461
10282797 6
-313.57894736842104 -470.10526315789474
2730.75 910.5
82.05555555555556 595.1666666666666
349.46153846153845 -934.7692307692307
1655.5555555555557 1365.9444444444443
2711.3076923076924 -585.4615384615385
10282822 4
47.23076923076923 565.8846153846154
2695.318181818182 892.2727272727273
1801.6666666666667 1233.75
209.16176470588235 -878.0
10282847 7
-301.0 -476.52941176470586
3345.818181818182 206.8181818181818
-20.892857142857142 521.0357142857143
2704.181818181818 859.6818181818181
437.48936170212767 -901.5957446808511
1543.5238095238096 1477.857142857143
2693.625 -577.625
10282872 5
52.888888888888886 560.7222222222222
2688.521739130435 881.6521739130435
1882.3333333333333 1288.3333333333333
142.76785714285714 -932.8571428571429
2738.5714285714284 -691.3571428571429
10282897 7
2606.6 -208.4
787.0909090909091 -487.09090909090907
2755.5555555555557 824.6666666666666
3429.5 210.1
-41.61904761904762 506.4761904761905
123.39583333333331 -956.0208333333334
1508.2142857142858 1480.107142857143
10282922 4
10.538461538461538 549.576923076923
2755.8064516129034 842.5483870967741
1778.3461538461538 1381.1538461538462
145.14864864864865 -876.8108108108108
10282948 5
2680.1 882.0
97.35 593.9
2663.846153846154 -506.46153846153845
87.671875 -831.59375
1606.52 1537.0
10282973 6
2719.3684210526317 921.1578947368421
42.818181818181806 574.3181818181819
3321.3571428571427 244.28571428571428
1685.8333333333333 1367.3333333333333
216.35064935064935 -872.3116883116883
2725.090909090909 -579.5454545454545
10282998 6
-308.93333333333334 -443.1333333333333
2712.8947368421054 845.1578947368421
-6.8076923076923075 559.0384615384615
343.39285714285717 -934.4285714285714
2737.9 -749.2
1393.0 1361.68
10283023 7
-285.90909090909093 -458.45454545454544
2695.05 900.55
56.42857142857143 586.8571428571429
246.06521739130434 -1058.2608695652175
3293.8 234.4
1714.642857142857 1276.0714285714287
2727.6875 -574.875
10283048 6
3381.5 222.7
-31.75 521.8928571428571
2694.7272727272725 875.5909090909091
2710.1875 -600.25
149.4561403508772 -852.9298245614035
1529.842105263158 1412.3684210526317
10283073 5
-22.904761904761905 523.7619047619048
2716.5416666666665 882.7916666666666
1797.5384615384614 1534.0
2693.75 -467.4166666666667
178.49275362318838 -902.7971014492754
10283098 6
-299.35714285714283 -461.64285714285717
2698.8333333333335 888.3333333333334
3439.6 194.5
54.25 595.25
1500.5555555555557 1484.7777777777778
330.76 -954.7
10283123 7
-333.09090909090907 -485.6363636363636
772.9090909090909 -476.3636363636364
2658.8333333333335 897.3888888888889
7.142857142857143 545.7142857142857
223.80769230769232 -1069.5192307692307
1758.4 1351.6
2745.3333333333335 -565.2
10283148 5
2656.8571428571427 910.9285714285714
-1.6071428571428572 549.9285714285714
2719.4 -675.2
1615.875 1365.6875
131.16666666666666 -973.3095238095239
10283173 6
-335.2 -475.8
2733.8333333333335 860.8888888888889
30.785714285714285 571.5714285714286
2727.176470588235 -574.8235294117648
322.15384615384613 -967.3589743589744
1635.85 1518.8
10283198 5
2700.318181818182 837.7272727272727
-17.333333333333332 576.0
2971.9166666666665 82.91666666666667
1767.1666666666667 1156.9166666666667
228.59701492537314 -905.1194029850747
10283223 5
-322.84615384615387 -478.38461538461536
2709.4347826086955 835.2608695652174
83.56 605.28
298.5882352941176 -983.9411764705883
2700.8125 -568.5625
10283248 5
2690.0454545454545 894.0909090909091
0.8888888888888888 565.6666666666666
2713.2727272727275 -590.4545454545455
1663.0 1325.3636363636363
289.94117647058823 -892.1617647058823
10283273 5
17.93103448275862 574.4137931034483
2688.8571428571427 -479.92857142857144
1482.037037037037 1539.037037037037
2920.391304347826 649.3913043478261
211.21212121212125 -939.9090909090909
10283299 5
-38.142857142857146 542.0
2746.590909090909 809.2727272727273
1730.9333333333334 1354.2
2682.8260869565215 -563.0869565217391
178.16666666666666 -831.8833333333333
10283324 6
-293.0 -503.1111111111111
24.678571428571427 574.6071428571429
2678.0 878.2352941176471
372.8235294117647 -971.7058823529412
2946.4761904761904 36.38095238095238
1484.448275862069 1444.5172413793102
10283349 6
-326.4166666666667 -455.4166666666667
81.08333333333333 602.5416666666666
1737.923076923077 1387.4615384615386
317.0408163265306 -1027.8979591836735
2768.074074074074 791.1111111111111
2690.0 -575.9473684210526
10283374 4
39.76 582.2
2690.904761904762 821.1428571428571
201.33333333333334 -863.08
1453.5454545454545 1482.8181818181818
10283399 5
2729.35 860.95
20.296296296296287 555.2592592592592
2707.1176470588234 -490.1764705882353
1638.0416666666667 1417.25
184.62903225806448 -940.4516129032259
10283424 6
2599.5833333333335 -225.16666666666666
2711.8333333333335 860.5416666666666
3413.7 177.9
32.06666666666667 605.4333333333333
1255.0 1627.5882352941176
163.8 -876.3142857142858
10283449 5
23.23076923076923 599.3846153846154
2701.28 907.92
331.13157894736844 -996.0
2722.285714285714 -743.9285714285714
1880.3846153846155 1292.0
10283474 5
46.31818181818182 585.0909090909091
2707.818181818182 923.9545454545455
1781.142857142857 1345.7857142857142
2698.4 -580.5
251.70909090909092 -901.4727272727273
10283499 6
2661.0 905.0
27.5 576.6666666666666
3321.0 231.42857142857142
2724.2 -699.7
1571.0869565217392 1342.6521739130435
220.46153846153845 -908.8846153846154
10283524 6
2690.3 938.55
26.0 571.0
2734.0 -705.7
3216.6666666666665 195.94444444444446
1803.857142857143 1254.5
146.20289855072463 -921.231884057971
10283549 5
15.814814814814824 587.4444444444443
2766.222222222222 786.6666666666666
191.1267605633803 -825.7042253521126
2730.818181818182 -591.8181818181819
1539.45 1424.1
10283574 5
2709.7368421052633 862.7368421052631
47.142857142857146 589.5
1720.75 1236.4166666666667
2715.153846153846 -663.6923076923077
140.46969696969697 -893.0909090909091
10283599 5
11.03225806451613 566.0967741935484
2822.344827586207 738.5172413793103
2689.090909090909 -497.6818181818182
198.05084745762713 -908.4067796610169
1594.655172413793 1452.103448275862
10283624 6
3395.0 215.27272727272728
-9.2 563.1428571428571
2658.5882352941176 941.2352941176471
1680.2631578947369 1363.3684210526317
2717.7894736842104 -641.7894736842105
201.0491803278689 -843.6065573770492
10283650 7
-305.8333333333333 -468.9166666666667
-28.9375 546.28125
2722.0 867.5217391304348
3282.5454545454545 246.0
266.55102040816325 -1040.3673469387754
2680.4736842105262 -514.578947368421
1479.2631578947369 1604.3684210526317
10283675 5
48.45 595.8
1703.7272727272727 1286.090909090909
2694.2727272727275 -584.9545454545455
122.03333333333333 -918.0166666666667
2855.814814814815 683.4444444444445
10283700 5
2554.133333333333 -298.8
69.6 606.2
2701.0 893.5714285714286
1478.0416666666667 1466.25
221.7605633802817 -897.0704225352113
10283725 6
2734.9545454545455 833.2727272727273
27.8125 568.84375
3359.6428571428573 205.28571428571428
192.82191780821918 -850.082191780822
2718.222222222222 -602.8888888888889
1204.6 1671.9
10283750 6
-327.4 -454.3
28.51851851851852 591.0370370370371
308.8095238095238 -967.7777777777778
2800.0 777.304347826087
1578.8636363636363 1321.7272727272727
2705.4615384615386 -630.1538461538462
10283775 6
-306.53846153846155 -449.0769230769231
2725.92 821.4
29.333333333333332 594.5
1705.45 1260.35
2678.8 -503.55
294.9655172413793 -992.5689655172414
10283800 5
5.999999999999992 545.4074074074074
2737.318181818182 880.2272727272727
1805.1 1195.0
154.70175438596493 -951.5087719298245
2693.2105263157896 -502.1578947368421
10283825 5
2671.846153846154 814.9230769230769
3.689655172413793 596.5862068965517
3340.090909090909 215.9090909090909
2711.0666666666666 -638.4666666666667
196.04838709677423 -889.3225806451613
10283850 6
-357.53846153846155 -494.84615384615387
2665.6666666666665 917.1666666666666
44.1764705882353 598.1764705882352
322.1136363636364 -969.0909090909091
1830.6666666666667 1180.2666666666667
2680.5263157894738 -488.7368421052632
10283875 6
-308.53846153846155 -450.9230769230769
2707.423076923077 834.8846153846154
-19.566666666666666 564.7333333333333
243.68627450980392 -1032.8039215686274
2715.4444444444443 -571.6666666666666
1473.888888888889 1382.8333333333333
10283900 6
2693.6666666666665 909.3333333333334
-24.181818181818183 570.5151515151515
2771.266666666667 -775.0666666666667
3234.909090909091 267.6363636363636
1483.625 1432.4375
155.875 -913.5535714285714
10283925 5
2743.722222222222 850.7777777777778
30.892857142857142 587.4642857142857
158.1846153846154 -858.3076923076923
2629.8 -478.3
1556.5 1462.2777777777778
10283950 6
3387.5714285714284 213.07142857142858
39.722222222222236 605.5
2675.9411764705883 908.5294117647059
1666.357142857143 1346.142857142857
2693.4285714285716 -491.9047619047619
177.84126984126982 -895.8095238095239
10283975 5
39.07499999999999 592.725
2692.0 886.44
1816.9375 1278.75
215.52238805970148 -873.4477611940298
2753.875 -696.8125
10284001 4
2738.1111111111113 833.2592592592592
13.235294117647058 582.5882352941177
187.0857142857143 -837.5285714285715
1546.6666666666667 1462.4761904761904
10284026 5
2690.4615384615386 899.8846153846154
20.166666666666668 580.6666666666666
1694.85 1331.3
2656.7 -441.4
185.63768115942028 -900.2608695652174
10284051 5
2835.909090909091 -950.4545454545455
-5.897435897435898 581.2564102564103
2769.304347826087 758.5217391304348
1553.2592592592594 1399.888888888889
225.62666666666667 -884.88
10284076 5
39.354838709677416 621.6129032258065
2753.4285714285716 888.2857142857143
1727.9 1378.05
2687.5 -527.1
131.58904109589042 -938.3287671232877
10284101 6
2634.6153846153848 929.3846153846154
41.71875 611.3125
3207.0714285714284 337.57142857142856
188.4025974025974 -907.987012987013
1724.9166666666667 1372.3333333333333
2699.1176470588234 -600.1176470588235
10284126 6
3359.0 250.4
2723.4615384615386 824.2692307692307
41.48717948717949 610.9230769230769
2685.875 -522.125
224.40540540540542 -826.3648648648649
1398.5 1471.5555555555557
10284151 5
50.10344827586207 630.8275862068965
1793.4285714285713 1261.357142857143
2727.294117647059 -685.5294117647059
2830.375 747.2083333333334
162.2463768115942 -913.2463768115942
10284176 7
2849.4 -1014.5
22.41176470588234 614.0294117647059
2704.8947368421054 853.2631578947369
2611.0 -244.33333333333334
3324.0833333333335 230.0
357.80392156862746 -983.6470588235295
1792.1666666666667 1223.8333333333333
10284201 5
65.62162162162163 605.6756756756756
2727.318181818182 889.2727272727273
1777.8235294117646 1290.9411764705883
2752.6111111111113 -656.1666666666666
255.56603773584905 -817.6792452830189
10284226 6
749.0 -504.5625
2640.5882352941176 959.8823529411765
22.5625 607.625
1697.125 1446.0
2710.4444444444443 -638.3888888888889
66.97959183673471 -924.3877551020408
10284251 6
-282.0833333333333 -410.5
2731.346153846154 895.2307692307693
80.97142857142858 635.7428571428571
1769.5882352941176 1385.2941176470588
2728.8 -626.72
319.42 -974.24
10284276 6
2723.75 949.0
13.837837837837839 592.1351351351351
3297.5833333333335 251.66666666666666
1757.1 1224.5
2782.2272727272725 -689.4090909090909
149.85454545454544 -957.181818181818
10284301 5
2621.7 -252.0
2652.0666666666666 875.2
22.322580645161292 593.516129032258
1623.0714285714287 1528.142857142857
106.4 -849.6285714285714
10284326 5
-2.5 584.9117647058823
2653.6875 891.3125
2712.095238095238 -624.7619047619048
1532.2 1548.7
117.76271186440678 -884.3050847457627
10284351 6
3460.0 209.9
2670.25 884.75
29.0 595.8684210526316
1865.4 1405.7333333333333
2768.5 -766.125
227.11111111111111 -869.2777777777777
10284377 7
776.3636363636364 -463.0
-5.526315789473684 571.8421052631579
2723.5454545454545 858.8636363636364
1765.7619047619048 1317.3333333333333
1004.5 1610.9
2722.4285714285716 -558.6666666666666
72.58620689655173 -925.5517241379312
10284402 5
27.441176470588236 605.7058823529412
2718.2 792.68
2743.64 -591.68
1645.0 1447.2692307692307
167.45454545454547 -867.8
10284427 5
2714.722222222222 913.7777777777778
24.818181818181817 609.060606060606
1687.611111111111 1264.4444444444443
2723.375 -553.3333333333334
183.12698412698413 -853.952380952381
10284452 6
3373.090909090909 223.54545454545453
2713.2916666666665 875.375
-8.275862068965518 589.5172413793103
1683.8 1348.6
2755.2727272727275 -672.1363636363636
210.14864864864865 -923.3513513513514
10284477 6
3418.2 179.7
36.71428571428571 598.5142857142857
2717.52 819.36
1496.448275862069 1405.6896551724137
2758.4583333333335 -692.625
224.64935064935065 -843.987012987013
10284502 5
2742.8846153846152 824.3076923076923
-8.363636363636363 575.6666666666666
2702.153846153846 -553.8461538461538
189.47058823529412 -895.7794117647059
1471.95 1449.2
10284527 5
2730.875 825.5833333333334
55.65 618.65
2767.5416666666665 -750.375
196.3230769230769 -872.6461538461539
1481.2608695652175 1432.2173913043478
10284552 6
-285.3333333333333 -440.4166666666667
55.28 618.68
2780.2916666666665 818.125
2779.269230769231 -774.6153846153846
301.0 -987.1785714285714
1443.4285714285713 1491.952380952381
10284577 5
2679.2272727272725 931.3636363636364
48.19230769230769 593.1923076923077
2786.7894736842104 -821.3684210526316
1454.6 1523.7333333333333
207.19354838709674 -895.3064516129032
10284602 6
3356.909090909091 220.1818181818182
38.029411764705884 600.7647058823529
2664.1176470588234 887.1764705882352
1439.1 1522.9
57.06349206349206 -902.2380952380952
2779.3636363636365 -738.1363636363636
10284627 6
3405.4 212.8
27.743589743589745 593.6923076923077
2670.1666666666665 917.0555555555555
1749.6666666666667 1346.1666666666667
2772.4545454545455 -661.5909090909091
210.3015873015873 -864.4126984126984
