9656892 4
2677.5652173913045 935.9130434782609
2650.2727272727275 -543.1363636363636
6.6875 568.625
151.8714285714286 -858.4714285714286
9656917 5
2684.4347826086955 890.6521739130435
-40.6 515.24
2702.0625 -612.625
1798.0833333333333 1304.4166666666667
171.1578947368421 -867.0394736842105
9656967 6
-374.8333333333333 -512.8333333333334
2671.521739130435 918.695652173913
-16.75 582.3541666666666
315.12280701754383 -932.578947368421
2691.4 -484.0
1722.142857142857 1218.9285714285713
9656992 6
3426.214285714286 237.21428571428572
2675.4814814814813 835.1481481481482
-20.607142857142858 580.8571428571429
2715.315789473684 -577.9473684210526
1763.1333333333334 1181.2
149.6172839506173 -906.1234567901234
9657017 5
-36.35897435897436 562.7948717948718
2707.68 956.32
2724.5882352941176 -552.7647058823529
142.06849315068493 -878.4520547945206
1721.4666666666667 1370.4666666666667
9657042 6
2637.714285714286 893.7142857142857
3326.5833333333335 269.5
-5.523809523809524 573.1904761904761
2656.25 -517.2
1714.142857142857 1369.5
127.55714285714286 -818.4
9657068 6
-26.25 546.8611111111111
766.4 -534.3
2662.0 -411.22222222222223
2669.45 931.75
91.22413793103448 -976.6379310344828
1675.857142857143 1325.4285714285713
9657093 6
3463.7272727272725 217.63636363636363
2676.846153846154 868.6923076923077
2716.391304347826 -631.7826086956521
31.842105263157894 634.3157894736842
1773.0 1287.7
96.62711864406779 -869.2033898305085
9657118 6
3426.6 243.0
2676.3928571428573 904.6071428571429
20.486486486486488 616.5675675675676
2667.529411764706 -600.6470588235294
1723.5625 1255.75
139.63636363636363 -951.8333333333334
9657143 6
-82.35897435897436 504.56410256410254
2683.913043478261 957.8260869565217
3368.9 244.4
2671.222222222222 -511.72222222222223
1722.35 1415.8
195.84415584415584 -910.0519480519481
9657168 5
-4.7894736842105265 584.3684210526316
2683.4814814814813 893.8148148148148
2656.8823529411766 -500.1764705882353
1730.5882352941176 1342.8823529411766
100.14492753623189 -857.7971014492754
9657193 6
2683.8 966.5
3436.7272727272725 208.1818181818182
2694.6666666666665 -431.6
35.486486486486484 611.9459459459459
61.90163934426229 -875.6229508196722
1389.0625 1517.0625
9657218 5
2652.318181818182 932.3181818181819
-20.61904761904762 580.4761904761905
2680.521739130435 -617.7391304347826
169.98611111111111 -874.5694444444445
1693.6818181818182 1334.2272727272727
9657243 5
2685.5416666666665 941.5833333333334
-7.953488372093023 574.6976744186046
2705.318181818182 -572.1363636363636
1705.3333333333333 1277.6666666666667
181.046875 -893.78125
9657268 7
2636.5789473684213 980.3684210526316
-46.4 537.9333333333333
3322.0714285714284 256.14285714285717
2681.4210526315787 -626.8947368421053
1114.25 1626.0
1836.75 1267.5833333333333
155.28358208955223 -885.7611940298508
9657293 5
-49.088235294117645 522.5
2707.52 907.48
2642.6666666666665 -451.1111111111111
1695.8 1468.4666666666667
161.20289855072463 -905.5652173913044
9657318 5
2724.7586206896553 858.2068965517242
-42.171428571428585 546.6571428571428
2684.818181818182 -498.09090909090907
318.0877192982456 -965.3508771929825
1719.3333333333333 1519.1666666666667
9657343 6
762.6 -446.6
2619.625 985.3125000000001
-34.13636363636363 564.1818181818181
2746.3888888888887 -551.2777777777778
1713.0 1330.0
75.06896551724138 -895.948275862069
9657368 6
3458.181818181818 209.54545454545453
2675.8947368421054 889.1578947368421
-16.41176470588235 572.0
2711.4545454545455 -569.0454545454545
1732.3076923076924 1226.6923076923076
120.73214285714286 -960.3035714285716
9657393 6
3385.4 263.5
2682.8571428571427 899.8214285714286
2658.730769230769 -433.9230769230769
-91.3170731707317 504.1951219512195
355.2826086956522 -987.0
1650.3333333333333 1403.6666666666667
9657418 5
2694.703703703704 889.074074074074
-16.851063829787226 565.3617021276596
2724.842105263158 -496.89473684210526
53.85 -942.8
1687.0588235294117 1329.7058823529412
9657443 5
2683.5862068965516 849.1724137931035
-35.935483870967744 581.3548387096774
2684.625 -580.0833333333334
1620.0833333333333 1481.5
231.73846153846154 -903.4923076923078
9657468 5
-31.55 570.2
2717.25 861.6666666666666
2707.6521739130435 -498.95652173913044
1697.9411764705883 1305.4117647058824
176.28787878787878 -905.6060606060606
9657493 6
2648.6190476190477 922.5714285714286
-33.214285714285715 549.3095238095239
2665.9444444444443 -497.72222222222223
3333.1 181.2
1701.7 1255.5
187.28358208955223 -880.1343283582089
9657518 5
2620.0 946.0
-23.568181818181817 558.7727272727273
2692.346153846154 -651.0
1867.6666666666667 1299.2
118.19767441860465 -842.2209302325581
9657544 5
2614.684210526316 994.3157894736842
1745.909090909091 1123.0
-36.29545454545455 572.8636363636364
2721.8571428571427 -431.85714285714283
218.66153846153847 -916.876923076923
9657569 7
-326.4166666666667 -470.1666666666667
1748.6 1006.2
2628.190476190476 966.047619047619
5.7317073170731705 615.4878048780488
2680.6774193548385 -503.2258064516129
1160.5384615384614 1610.4615384615386
315.70175438596493 -966.1228070175439
9657594 6
2697.344827586207 946.1724137931035
3270.3333333333335 220.83333333333334
2651.2727272727275 -542.8181818181819
-15.888888888888873 594.9333333333333
1649.5 1495.25
163.5079365079365 -935.047619047619
9657619 5
2671.55 892.1
21.979591836734695 613.1020408163265
2687.5652173913045 -494.7391304347826
1778.235294117647 1314.1176470588234
108.8529411764706 -942.6029411764706
9657644 6
-40.77142857142857 565.6285714285714
3300.733333333333 210.4
2679.391304347826 -534.7826086956521
151.01724137931035 -871.8620689655172
1074.5333333333333 1612.8
2443.346153846154 1044.6153846153845
9657669 5
2639.96 982.8
2687.3076923076924 -573.7692307692307
-46.744680851063826 545.6382978723404
121.25490196078431 -962.7450980392157
1753.7692307692307 1259.8461538461538
9657694 6
2714.653846153846 882.3076923076923
2671.846153846154 -627.5384615384615
1757.8666666666666 1284.3333333333333
-50.24390243902439 560.6341463414634
3316.1666666666665 179.0
134.1818181818182 -858.4155844155844
9657719 6
3452.7272727272725 226.0
2665.3809523809523 969.2380952380952
-15.794871794871796 590.3333333333334
2706.0 -477.3333333333333
1842.3846153846155 1241.3846153846155
170.390625 -877.0625
9657744 4
23.61904761904762 597.5
2691.5416666666665 895.3333333333334
2710.782608695652 -457.69565217391306
125.7910447761194 -833.0
9657769 6
2667.24 1018.4
-0.6875 605.6875
1693.9166666666667 1193.75
3098.5714285714284 339.14285714285717
2672.6923076923076 -492.38461538461536
98.8108108108108 -865.4594594594595
9657794 5
2710.4545454545455 929.1818181818181
5.410256410256411 568.9487179487179
2705.85 -566.1
1703.0666666666666 1230.4666666666667
208.17567567567568 -876.1891891891892
9657819 6
3424.818181818182 231.45454545454547
2703.2758620689656 953.1724137931035
1684.5 1166.5
-15.418604651162791 607.4186046511628
2747.769230769231 -458.0769230769231
238.35714285714286 -851.4142857142857
9657844 6
2671.2 995.45
29.105263157894736 637.3947368421053
3313.8333333333335 225.5
2654.222222222222 -585.3888888888889
1686.8 1460.4
162.2307692307692 -878.5999999999999
9657869 6
2687.2916666666665 975.0833333333334
2686.9444444444443 -641.9444444444445
-47.64102564102564 541.3076923076923
1760.6 1220.6
3206.1875 179.5
61.189655172413794 -872.551724137931
9657894 6
2637.0 987.5294117647059
7.0 587.0
2638.714285714286 -575.9047619047619
1742.923076923077 1262.1538461538462
3240.3333333333335 234.58333333333334
166.1388888888889 -848.0555555555555
9657919 5
2689.76 929.64
-48.55263157894737 559.078947368421
2730.0 -453.6363636363636
1716.8260869565217 1442.9565217391305
184.59677419354836 -906.3064516129032
9657944 7
-303.53846153846155 -537.4615384615385
3424.7 238.6
-18.25 598.5625
2670.1111111111113 916.4814814814815
362.1923076923077 -1010.5384615384615
2708.809523809524 -456.4761904761905
1678.5714285714287 1407.9285714285713
9657969 6
3398.7 248.2
2645.730769230769 912.5769230769231
-67.65217391304348 553.7391304347826
2696.842105263158 -458.05263157894734
1706.1538461538462 1404.3846153846155
188.67164179104478 -856.3283582089551
9657994 5
2637.0476190476193 989.6190476190476
-29.733333333333334 570.3333333333334
2694.0 -522.578947368421
1812.7692307692307 1253.076923076923
205.8870967741935 -886.6290322580645
9658019 6
2676.0555555555557 977.2222222222222
4.0476190476190474 587.1904761904761
3246.8125 246.625
2689.4210526315787 -443.7894736842105
1776.2 1239.4666666666667
138.44285714285715 -910.9142857142857
9658045 6
2667.785714285714 967.0357142857143
3416.1 189.8
-30.72 566.46
2695.625 -553.375
358.8490566037736 -962.9433962264152
1689.55 1359.85
9658070 6
-363.2307692307692 -512.6923076923077
13.421052631578947 611.2368421052631
2687.6666666666665 889.3809523809524
2689.5263157894738 -423.42105263157896
1679.2307692307693 1361.2307692307693
293.2857142857143 -975.5510204081633
9658095 5
-8.447368421052632 572.421052631579
2687.3928571428573 902.1071428571429
2657.3 -506.0
1723.6 1210.2666666666667
123.44615384615385 -857.8461538461538
9658120 5
2668.7894736842104 967.7894736842105
-13.148936170212776 579.7659574468086
2677.2631578947367 -533.1578947368421
1755.25 1354.8333333333333
189.36363636363637 -899.3506493506494
9658145 5
2690.25 873.2
-37.17857142857143 563.5714285714286
2684.3333333333335 -391.6190476190476
1679.3 1330.0
188.68493150684932 -921.6849315068494
9658170 5
2702.1428571428573 893.7857142857143
-3.8085106382978724 586.2978723404256
1641.9166666666667 1454.2083333333333
2684.1666666666665 -481.9166666666667
106.83076923076923 -903.9076923076924
9658195 5
19.447368421052644 600.078947368421
2655.0 908.9
2649.0 -544.7368421052631
1670.6 1396.7333333333333
55.95 -880.4166666666666
9658220 7
-339.5833333333333 -523.0
2668.5925925925926 994.6296296296297
11.583333333333334 578.8541666666667
2704.9285714285716 -589.9285714285714
327.8139534883721 -1010.1162790697674
1706.9333333333334 1457.4
3245.5714285714284 229.71428571428572
9658245 5
2721.8 865.2
-28.0 585.6595744680851
2714.925925925926 -550.9629629629629
256.40983606557376 -888.9180327868852
1682.125 1498.9375
9658270 5
2701.40625 890.03125
53.422222222222224 650.8666666666667
2650.809523809524 -484.8095238095238
1645.235294117647 1348.9411764705883
67.49180327868852 -862.1803278688525
9658295 6
3459.2 218.3
2646.714285714286 905.952380952381
-33.40384615384615 561.9038461538462
2653.4444444444443 -583.3888888888889
1778.1666666666667 1244.1666666666667
124.26388888888889 -873.5972222222222
9658320 6
2695.7272727272725 991.8636363636364
1.0714285714285714 572.8333333333334
3314.909090909091 230.27272727272728
2653.8947368421054 -495.1578947368421
65.42465753424658 -891.7260273972603
1815.3076923076924 1147.230769230769
9658345 6
2668.842105263158 975.578947368421
1.8958333333333333 607.0208333333334
3314.0 235.0
2657.695652173913 -407.1304347826087
1658.5238095238096 1365.6190476190477
184.86764705882354 -865.3823529411765
9658370 5
2676.8636363636365 909.0
-35.8918918918919 531.8648648648649
2697.5 -655.375
1751.4166666666667 1166.75
144.90243902439025 -873.8658536585366
9658395 6
2702.8214285714284 950.7857142857143
-60.526315789473685 538.3684210526316
3352.3333333333335 238.08333333333334
2662.9565217391305 -449.0869565217391
1713.2941176470588 1268.1764705882354
231.97058823529412 -876.1617647058823
9658420 5
-18.70212765957447 555.468085106383
2714.5714285714284 843.7142857142857
315.5967741935484 -978.1935483870968
2656.777777777778 -421.77777777777777
1716.8666666666666 1212.2
9658445 6
3431.7272727272725 219.0909090909091
2696.6666666666665 893.5555555555555
-8.25 572.0961538461538
2707.52 -458.4
1698.7 1337.0
90.65753424657534 -902.4931506849315
9658470 6
2665.1052631578946 968.8947368421053
2630.6190476190477 -456.0
-13.12962962962963 569.9444444444445
3215.5 239.125
1724.0714285714287 1254.4285714285713
178.4 -844.7875
9658495 5
2687.2 909.52
-7.970588235294118 606.0588235294117
2654.25 -494.6666666666667
1703.0526315789473 1472.421052631579
181.6219512195122 -808.5853658536586
9658521 6
2714.6206896551726 945.3448275862069
-62.31111111111111 533.2666666666667
3317.9375 219.125
2649.222222222222 -520.5925925925926
173.17948717948718 -872.8974358974359
1498.6363636363637 1415.9545454545455
9658546 6
2702.7391304347825 872.4347826086956
3418.181818181818 185.72727272727272
-6.84 605.64
2654.0 -398.1333333333333
1714.6190476190477 1254.857142857143
71.82539682539682 -927.2222222222223
9658571 5
2720.576923076923 899.6153846153846
30.153846153846153 625.4358974358975
2694.52 -419.48
106.97222222222223 -874.8194444444445
1578.7368421052631 1394.0526315789473
9658596 6
2680.964285714286 875.5714285714286
2708.8695652173915 -659.4347826086956
3331.1 196.1
5.551020408163265 611.0408163265306
1753.5 1225.8333333333333
85.15517241379311 -933.5172413793103
9658621 5
2671.939393939394 919.030303030303
57.7 637.925
1704.4 1247.1
2643.6 -578.6
178.05128205128204 -862.0769230769231
9658646 5
2694.0526315789475 880.8421052631579
7.073170731707317 561.7560975609756
2661.5333333333333 -575.3
1714.0 1325.25
191.55844155844156 -889.0519480519481
9658671 5
2694.535714285714 913.5357142857143
2667.875 -412.5
-38.833333333333336 575.047619047619
166.22619047619048 -908.3095238095239
1724.142857142857 1216.5
9658696 6
2675.0 964.8823529411765
-60.4375 553.9791666666666
2681.1 -613.75
1072.0 2109.3
1738.6 1327.9333333333334
203.2716049382716 -889.3333333333334
9658721 6
2697.695652173913 875.5217391304348
3347.3333333333335 236.08333333333334
-26.821428571428573 579.3214285714286
2690.470588235294 -594.9411764705883
1750.1764705882354 1304.8235294117646
124.67999999999998 -877.2533333333333
9658746 4
2698.92 909.68
-39.30612244897959 574.3877551020408
2711.269230769231 -544.1153846153846
151.51898734177215 -878.4810126582279
9658771 6
2675.4285714285716 -615.8571428571429
2690.8333333333335 873.7333333333333
-37.56 582.58
711.7 -618.4
-58.096774193548384 -875.6612903225806
1735.0 1196.1666666666667
9658796 5
2711.72 918.92
11.891304347826088 599.5652173913044
2662.0 -497.2857142857143
1733.8823529411766 1381.0588235294117
156.40277777777777 -876.6388888888889
9658821 6
3462.9 214.1
2656.913043478261 883.1739130434783
-17.763636363636362 574.6363636363636
1750.2666666666667 1344.4
2740.0 -488.6470588235294
83.77922077922078 -901.8181818181819
9658846 5
2736.9615384615386 775.9615384615385
-7.104166666666667 586.3333333333334
2685.5 -544.8928571428571
1770.590909090909 1356.1363636363637
212.90540540540542 -906.3513513513514
9658871 6
2652.095238095238 958.1904761904761
-31.604166666666668 582.5416666666666
3318.0 229.71428571428572
2664.6666666666665 -532.5714285714286
155.8421052631579 -886.4473684210526
1664.5333333333333 1440.8
9658896 5
2705.4583333333335 920.875
-58.706896551724135 557.5689655172414
212.44155844155844 -945.5194805194806
2682.1785714285716 -578.9285714285714
1709.5 1210.0833333333333
9658921 5
-10.578947368421053 596.6315789473684
2654.3333333333335 964.5238095238095
2655.3333333333335 -465.4166666666667
1622.642857142857 1502.5
179.53947368421052 -876.8684210526316
9658946 6
3436.5 220.66666666666666
-55.166666666666664 552.2166666666667
2733.346153846154 864.5769230769231
2706.0 -561.84
1729.8125 1224.625
77.77941176470588 -923.2647058823529
9658972 6
3384.8333333333335 242.16666666666666
2710.48 793.84
12.533333333333333 586.7777777777778
2644.1111111111113 -491.1111111111111
1779.6153846153845 1395.8461538461538
27.75 -897.875
9658997 7
2695.3636363636365 940.9090909090909
0.9499999999999886 627.4
3392.3 227.7
766.25 -511.5833333333333
1714.3529411764705 1286.235294117647
2722.2 -513.56
12.392857142857142 -890.0535714285714
9659022 6
2633.1428571428573 979.8571428571429
3240.4285714285716 273.2142857142857
2629.3846153846152 -453.96153846153845
1772.8666666666666 1275.4666666666667
221.64935064935065 -918.961038961039
-13.703703703703704 602.2962962962963
9659047 8
736.6 -455.4
3447.4615384615386 216.84615384615384
2678.409090909091 966.4545454545455
1728.3846153846155 1173.3846153846155
-37.87234042553192 598.0212765957447
2716.75 -336.4583333333333
55.3653846153846 -885.2307692307693
1126.8333333333333 1701.5833333333333
9659072 7
2655.3571428571427 1033.6785714285713
-16.295081967213115 578.4590163934427
3160.2105263157896 281.1578947368421
2669.5 -637.6666666666666
1747.1333333333334 1252.6666666666667
993.2 1718.8
185.39473684210526 -900.8421052631579
9659097 5
2627.5454545454545 986.5454545454545
-50.872727272727275 555.0363636363636
2698.157894736842 -595.5263157894736
1740.5714285714287 1276.5
123.29268292682927 -853.9512195121952
9659122 6
3439.5454545454545 227.27272727272728
2664.3076923076924 961.1923076923077
-71.08333333333331 537.3166666666667
2666.52 -489.64
1741.75 1304.3333333333333
173.28571428571428 -860.1571428571428
9659147 6
3436.5454545454545 210.45454545454547
2677.896551724138 926.8965517241379
-5.9423076923076925 590.2115384615385
763.5833333333334 -518.5833333333334
2705.6 -466.05
46.78947368421053 -926.4736842105264
9659172 6
786.9 -420.3
2624.9523809523807 985.2857142857143
3.1627906976744184 614.3720930232558
2632.318181818182 -472.45454545454544
176.27142857142857 -951.4428571428572
1614.4705882352941 1454.9411764705883
9659197 7
2687.296296296296 908.1111111111111
791.9 1422.8
3335.0 169.41666666666666
-8.26923076923077 612.7307692307693
2650.0 -548.0
1857.4 1313.8
165.24657534246575 -868.0958904109589
9659222 5
2690.391304347826 974.7826086956521
-51.529411764705884 555.5098039215686
1715.3333333333333 1336.388888888889
3083.0555555555557 93.94444444444444
181.5810810810811 -920.0675675675676
9659247 5
2650.0 890.4736842105264
-22.32 576.36
2660.4444444444443 -541.7222222222222
1761.2307692307693 1303.3076923076924
204.26470588235293 -876.3970588235295
9659272 5
3.480769230769231 601.6730769230769
2656.75 -518.8125
2751.423076923077 786.3076923076923
1780.1875 1249.3125
172.97101449275362 -848.3623188405797
9659297 5
2675.44 912.68
2716.8823529411766 -556.4705882352941
-16.897959183673468 582.7551020408164
1640.125 1422.25
128.890625 -859.859375
9659322 4
2674.2608695652175 892.9565217391304
-1.530612244897959 584.0
2650.6666666666665 -427.51851851851853
80.33333333333333 -829.8070175438596
9659347 5
2638.2 947.4
2608.15 -397.2
-5.884615384615385 604.6346153846154
148.6818181818182 -887.7424242424242
1640.3333333333333 1367.3333333333333
9659372 5
2691.2758620689656 872.0
-36.02000000000001 588.1999999999999
2643.2727272727275 -437.8181818181818
1778.6 1164.0
130.8181818181818 -840.1212121212121
