9392499 6
2675.6666666666665 889.0
2757.5833333333335 -930.4166666666666
64.28571428571429 664.3809523809524
1687.5 1526.375
2882.769230769231 32.69230769230769
151.75757575757575 -961.7272727272726
9392524 6
2776.0625 -884.3125
2687.4285714285716 926.9642857142857
37.03225806451613 627.5483870967741
2975.8571428571427 72.52380952380952
164.03125 -864.234375
1464.6842105263158 1449.2631578947369
9392574 5
-9.11111111111111 599.4444444444445
126.50769230769231 -943.9230769230768
2694.3611111111113 -560.8888888888889
1452.75 1469.5833333333333
2821.542857142857 737.4571428571429
9392599 6
86.27272727272727 663.1363636363636
2764.5789473684213 -843.0
2682.478260869565 1002.3913043478261
1620.9 1602.0
148.359375 -950.953125
3035.2105263157896 150.2105263157895
9392624 5
2772.1428571428573 -844.6428571428571
-68.88461538461539 552.6538461538462
162.7741935483871 -879.7096774193549
2824.446808510638 544.4468085106383
1463.9565217391305 1566.695652173913
9392649 7
2656.904761904762 923.8095238095239
31.344827586206897 611.4137931034483
251.05882352941177 -1033.9803921568628
1806.7 1260.1
1137.0 1730.8
2900.285714285714 132.42857142857142
2737.0 -771.5416666666666
9392674 6
2685.785714285714 921.8571428571429
61.583333333333336 640.0
2785.133333333333 -788.3333333333334
1652.6470588235295 1389.764705882353
2947.5714285714284 108.0952380952381
213.57575757575756 -918.7272727272727
9392699 6
2703.3793103448274 927.1034482758621
2779.4736842105262 -802.8421052631579
40.26086956521739 654.0434782608696
2802.3 43.4
94.42857142857146 -909.1607142857143
1537.8947368421052 1474.4736842105262
9392724 7
-327.72727272727275 -495.3636363636364
2701.7391304347825 925.0
11.875 580.8125
2752.4285714285716 -746.1428571428571
354.09090909090907 -964.0
2862.809523809524 96.04761904761905
1460.6842105263158 1516.3684210526317
9392749 5
-5.702702702702703 571.7567567567568
1824.9166666666667 1353.5833333333333
2778.176470588235 783.6470588235294
163.6612903225806 -938.3709677419354
2722.0 -528.2432432432432
9392774 6
2729.1363636363635 972.3181818181819
2758.8695652173915 -831.8260869565217
74.0 602.05
2927.5 117.77272727272727
187.54545454545453 -932.3116883116883
1422.576923076923 1488.4615384615386
9392800 6
-345.8181818181818 -475.54545454545456
2775.818181818182 -724.0909090909091
-20.11538461538461 558.9230769230769
309.359375 -950.71875
1487.875 1479.4166666666667
2783.7045454545455 596.9545454545455
9392825 6
2687.4 923.16
90.37037037037037 656.2592592592592
3199.3 289.3
1713.642857142857 1439.357142857143
2729.2619047619046 -560.7619047619048
158.06666666666666 -874.8533333333334
9392850 6
2700.9473684210525 967.421052631579
-23.0 562.3333333333334
2752.896551724138 -782.7931034482758
1689.5 1530.6
2885.0476190476193 64.19047619047619
99.70689655172414 -924.051724137931
9392875 6
2701.035714285714 893.4642857142857
3230.2 266.8
-20.321428571428573 591.1071428571429
2713.2432432432433 -547.1891891891892
256.7866666666667 -893.04
1408.6666666666667 1457.2962962962963
9392900 5
2686.4666666666667 891.5
36.689655172413794 595.2758620689655
1655.4 1399.6
2721.4761904761904 -567.8571428571429
227.71794871794873 -866.0769230769231
9392925 6
2724.9411764705883 916.4705882352941
2816.318181818182 -759.1818181818181
2878.8888888888887 123.61111111111111
-5.3125 585.84375
1514.84 1487.52
177.7127659574468 -896.3723404255319
9392950 6
2659.2 953.5
-29.46875 589.40625
2887.5 168.43333333333334
2781.4333333333334 -741.2666666666667
1460.5 1542.8846153846155
188.44615384615383 -874.8
9392975 6
2688.85 922.3
16.0 630.8666666666667
1680.1666666666667 1447.0833333333333
2755.15 22.35
198.75862068965517 -935.2413793103449
2832.735294117647 -784.0882352941177
9393000 5
40.65384615384615 603.6538461538462
2713.7241379310344 790.0689655172414
2785.878048780488 -580.9756097560976
1435.44 1546.64
227.44444444444446 -882.9135802469136
9393025 5
12.416666666666666 596.0
2821.909090909091 -700.7272727272727
206.14864864864865 -858.7972972972973
1462.4444444444443 1557.5925925925926
2845.31914893617 622.5957446808511
9393050 6
33.96875 595.5
2729.0 925.8518518518518
2729.25 6.0625
1674.375 1538.375
2811.027777777778 -811.7777777777778
203.66197183098592 -933.0985915492957
9393075 5
3.5652173913043477 573.8695652173913
1716.7333333333333 1437.8666666666666
2782.31914893617 -618.8723404255319
2890.4761904761904 678.7619047619048
199.09859154929578 -878.1126760563379
9393100 6
2739.8695652173915 929.7391304347826
-10.36 595.68
2897.4545454545455 134.22727272727272
2837.9411764705883 -782.9117647058823
1684.4285714285713 1506.857142857143
147.87671232876713 -834.6164383561643
9393125 5
22.625 622.75
1647.4 1374.95
2775.222222222222 -581.7111111111111
2814.0588235294117 773.2352941176471
233.475 -901.3125
9393150 5
-3.903225806451613 583.9354838709677
2764.7272727272725 761.0454545454545
1693.2222222222222 1415.0
2770.2 -580.26
165.5873015873016 -854.4126984126984
9393175 5
44.57142857142857 632.0
1680.7777777777778 1503.2222222222222
2769.0851063829787 -626.2127659574468
337.1698113207547 -992.1698113207547
2849.4 696.4857142857143
9393200 6
2720.904761904762 901.0952380952381
2809.842105263158 -768.6842105263158
-77.65517241379311 511.17241379310343
2938.7619047619046 117.42857142857143
204.3125 -909.734375
1595.608695652174 1428.0
9393225 6
2690.576923076923 937.7307692307693
9.8125 582.5416666666666
2806.7297297297296 -764.0540540540541
2811.470588235294 58.1764705882353
1546.64 1573.12
156.2982456140351 -941.8771929824561
9393250 5
20.93103448275862 580.4827586206897
1694.4705882352941 1450.0588235294117
2792.5 741.25
2750.40350877193 -607.6491228070175
164.26027397260273 -844.4657534246576
9393275 5
2799.96875 734.53125
77.26923076923077 639.8846153846154
2758.6666666666665 -621.0588235294117
1479.904761904762 1546.4285714285713
92.86206896551724 -934.2241379310345
9393300 5
35.08695652173913 579.304347826087
2738.3333333333335 813.0
1593.3846153846155 1522.0384615384614
2760.4074074074074 -639.0555555555555
199.26470588235293 -849.2647058823529
9393325 7
-321.3333333333333 -488.5833333333333
2672.5 980.35
2785.4285714285716 -775.0714285714284
22.357142857142858 628.9285714285714
2971.2 125.25
299.1304347826087 -997.3695652173913
1450.2631578947369 1426.0
9393350 6
2706.48 899.16
66.75 637.875
2805.189189189189 -771.1351351351351
2906.1428571428573 90.52380952380952
1495.92 1502.28
154.3918918918919 -929.5540540540541
9393375 7
2679.5 934.0555555555555
2778.318181818182 -784.6136363636364
1724.0833333333333 1209.5
-7.409090909090909 556.1363636363636
1015.9 1642.5
2885.0 82.65217391304348
225.98666666666668 -841.3733333333333
9393400 7
-316.3636363636364 -457.90909090909093
2769.2708333333335 -758.3541666666666
2685.0 938.5925925925926
29.782608695652176 593.304347826087
2872.9473684210525 101.94736842105263
1639.35 1453.85
323.98333333333335 -951.3
9393425 5
2772.7659574468084 -760.1276595744681
14.592592592592593 594.0370370370371
1627.3125 1477.1875
150.75757575757575 -858.4545454545455
2849.409090909091 515.0909090909091
9393450 6
2777.688888888889 -790.9555555555555
2682.8260869565215 931.9130434782609
23.96153846153846 603.8846153846154
2923.7 109.5
1616.909090909091 1505.590909090909
236.02777777777777 -855.5277777777778
9393475 5
2682.153846153846 942.6538461538462
1.4166666666666667 569.7083333333334
2732.315789473684 -618.1578947368421
1668.4545454545455 1417.409090909091
195.72 -856.9466666666666
