8681162
-478 -478
-478 -482
-468 -476
-468 -480
-471 -488
-472 -494
-470 -496
-460 -489
-458 -492
-456 -493
-454 -496
-451 -497
-440 -489
-436 -488
-430 -486
-423 -483
-419 -482
-421 -489
-420 -492
-417 -493
-399 -476
-381 -458
-319 -388
-287 -352
-280 -345
-281 -350
-273 -344
-274 -347
-274 -351
-276 -356
-276 -360
-278 -366
-282 -374
-280 -374
-280 -379
-280 -382
-277 -381
-274 -380
-266 -373
-268 -379
-275 -394
-276 -398
-265 -385
-267 -392
-266 -395
-271 -405
-273 -412
-274 -418
-270 -416
-272 -423
-276 -434
-292 -464
-302 -483
-316 -511
-315 -514
-346 -571
-363 -605
-359 -605
-358 -609
-357 -613
-356 -618
-357 -625
-352 -623
-349 -624
-346 -624
-343 -626
-341 -629
-340 -633
-338 -637
-337 -641
-334 -642
-331 -643
-329 -645
-326 -647
-325 -653
-325 -660
-322 -660
-318 -659
-312 -655
-308 -654
-305 -656
-305 -662
-302 -663
-299 -664
-297 -667
-294 -670
-297 -684
-293 -682
-289 -681
-286 -684
-285 -688
-282 -689
-281 -697
-279 -700
-274 -697
-271 -699
-268 -700
-265 -700
-262 -701
-260 -706
-261 -717
-258 -719
-256 -723
-254 -729
-253 -737
-252 -745
-253 -758
-253 -770
-256 -788
-257 -802
-258 -819
-254 -820
-252 -826
-249 -827
-247 -835
-245 -841
-242 -845
-238 -846
-234 -847
-231 -848
-228 -850
-224 -853
-221 -856
-218 -860
-215 -863
-212 -867
-211 -879
-208 -884
-205 -889
-202 -893
-197 -891
-194 -894
-192 -903
-188 -904
-184 -904
-181 -912
-178 -915
-174 -920
-171 -923
-167 -924
-163 -927
-159 -930
-156 -935
-153 -939
-150 -948
-146 -949
-142 -951
-138 -956
-134 -957
-129 -954
-108 -821
-100 -789
-101 -826
-111 -943
-111 -981
-107 -982
-103 -985
-101 -1007
-97 -1017
-93 -1017
-89 -1022
-85 -1026
-81 -1030
-74 -1003
-70 -1008
-68 -1047
-64 -1050
-59 -1054
-54 -1045
-47 -991
-42 -973
-36 -936
-32 -941
-28 -939
-24 -930
-20 -930
-16 -916
-11 -852
-6 -745
-3 -705
0 -796
3 -882
8 -923
12 -923
16 -920
20 -920
24 -939
29 -976
34 -993
42 -1089
51 -1176
56 -1179
61 -1172
67 -1193
72 -1191
78 -1193
83 -1201
89 -1209
95 -1215
102 -1227
107 -1225
112 -1226
114 -1190
120 -1194
125 -1194
131 -1198
138 -1217
145 -1233
151 -1234
150 -1183
148 -1127
151 -1116
157 -1119
164 -1133
174 -1166
190 -1236
205 -1298
217 -1334
217 -1298
206 -1201
207 -1174
212 -1173
221 -1197
235 -1242
252 -1297
255 -1282
249 -1225
251 -1208
255 -1202
261 -1205
262 -1185
250 -1105
251 -1087
255 -1084
283 -1181
290 -1188
296 -1190
303 -1196
310 -1199
314 -1195
318 -1187
321 -1179
326 -1177
330 -1172
335 -1170
339 -1166
345 -1167
350 -1165
354 -1159
358 -1155
363 -1153
367 -1148
372 -1146
376 -1142
380 -1137
385 -1136
391 -1138
397 -1137
402 -1136
407 -1135
411 -1130
420 -1139
430 -1150
447 -1180
460 -1200
472 -1214
479 -1216
492 -1235
521 -1291
552 -1350
559 -1350
558 -1331
550 -1296
539 -1255
491 -1129
476 -1082
414 -930
399 -886
402 -883
405 -879
408 -875
411 -871
416 -872
420 -870
424 -870
427 -867
431 -864
436 -865
439 -861
441 -857
444 -854
446 -848
450 -846
446 -830
457 -842
495 -903
546 -986
612 -1093
645 -1140
654 -1145
668 -1157
675 -1157
677 -1149
679 -1142
681 -1134
683 -1126
686 -1119
676 -1093
641 -1026
521 -827
501 -786
493 -767
491 -757
495 -755
498 -753
498 -746
496 -736
499 -733
508 -740
509 -733
513 -733
516 -730
519 -727
522 -725
528 -727
532 -725
537 -725
536 -717
538 -713
547 -719
560 -730
571 -738
582 -745
594 -753
2413 -3034
2411 -3004
2418 -2986
2436 -2982
2449 -2971
1844 -2217
1578 -1880
1522 -1798
1437 -1682
1435 -1665
1432 -1647
1424 -1624
1412 -1596
1391 -1559
865 -960
710 -781
667 -728
644 -697
630 -676
622 -661
625 -658
625 -653
623 -645
624 -641
624 -635
632 -637
616 -616
620 -615
623 -612
625 -609
620 -599
624 -597
620 -589
622 -585
628 -585
623 -576
623 -571
625 -568
630 -567
632 -564
636 -563
639 -561
636 -553
636 -548
633 -540
635 -538
638 -535
635 -528
639 -527
641 -524
641 -519
651 -522
656 -522
651 -513
654 -510
658 -509
667 -511
669 -509
670 -504
674 -503
676 -500
670 -491
674 -490
672 -484
674 -480
676 -478
679 -475
679 -471
681 -468
679 -462
686 -463
691 -462
691 -457
689 -452
690 -448
692 -445
694 -442
696 -439
703 -439
677 -419
688 -421
718 -436
720 -433
723 -430
729 -429
734 -428
738 -426
736 -420
736 -416
736 -412
750 -415
760 -417
780 -423
797 -428
839 -446
869 -457
871 -453
872 -449
871 -444
873 -440
870 -434
879 -433
888 -433
913 -440
917 -437
925 -436
4883 -2277
4893 -2255
4907 -2236
4932 -2221
4945 -2202
2686 -1182
2677 -1164
2666 -1145
2635 -1118
2638 -1106
2633 -1091
2619 -1071
2610 -1054
2612 -1042
2615 -1030
2615 -1017
2623 -1007
2609 -988
2605 -974
2610 -963
2610 -950
2611 -937
2626 -929
2623 -916
2622 -903
2641 -896
2631 -880
2635 -869
2641 -858
2660 -851
2681 -845
2687 -834
2680 -819
2663 -801
2665 -789
2667 -777
2664 -764
2678 -755
2696 -747
2739 -747
2822 -756
3213 -846
3309 -855
3311 -841
3317 -827
2854 -698
2664 -639
2625 -618
2586 -597
2571 -581
2529 -560
2513 -545
2500 -531
2495 -519
2496 -507
2498 -496
2493 -484
2498 -474
2497 -462
2496 -451
2496 -440
2490 -427
2494 -417
2496 -406
2497 -395
2487 -382
2492 -372
2484 -360
2482 -348
2470 -336
2452 -322
2420 -307
2404 -295
2402 -284
2400 -273
2407 -263
2428 -255
2432 -244
2439 -234
2449 -225
2452 -214
2465 -204
2470 -194
2486 -184
2493 -174
2498 -163
2511 -153
2527 -143
2535 -132
2548 -122
2552 -111
2617 -102
2679 -93
2717 -83
2750 -72
2764 -60
2774 -48
2787 -36
2839 -24
2908 -12
3062 0
3449 15
3423 29
3361 44
3332 58
3368 73
3501 91
3509 107
3482 121
3482 136
3458 151
3452 165
3399 178
3327 188
3245 198
3175 208
3170 221
3157 234
3150 247
3097 257
2988 261
2957 271
2928 281
2903 292
2899 304
2877 315
2866 326
2859 338
2842 349
2833 360
2823 371
2809 382
2799 393
2776 402
2774 414
2766 425
2749 435
2729 444
2715 454
2705 464
2694 475
2692 486
2706 501
2755 523
2878 559
2954 587
2998 610
2999 623
2991 635
2993 649
3023 670
3019 683
3017 696
2949 694
2754 661
2697 660
2694 671
2919 741
2939 760
2951 777
2970 795
2957 806
2951 818
2931 826
2926 839
2929 853
2905 860
2893 870
2866 876
2808 872
2728 860
2526 808
2510 815
2522 831
2503 837
2475 840
2467 849
2503 874
2497 884
2691 966
2750 1001
2752 1015
2748 1027
2746 1040
2729 1047
2728 1061
2728 1074
2726 1087
2718 1098
2714 1110
2706 1121
2702 1133
2697 1144
2674 1149
2669 1160
2661 1171
2650 1179
2642 1190
2627 1197
2625 1210
2591 1208
1965 926
1834 874
1805 871
1744 850
1730 853
1733 864
1735 874
1743 888
1753 902
1752 912
1749 920
1753 932
1753 942
1752 951
1748 959
1754 972
1758 984
1753 992
1753 1002
1754 1012
1758 1025
1751 1031
1759 1046
1758 1056
1753 1064
1755 1075
1748 1081
1741 1087
1741 1098
1744 1111
1747 1124
1744 1132
1737 1139
1732 1146
1738 1161
1754 1183
1772 1206
1780 1223
1819 1262
1873 1311
2177 1538
2273 1621
2260 1627
2264 1645
2247 1647
2215 1639
1812 1353
1747 1316
1699 1292
1686 1294
1665 1289
1658 1295
1651 1301
1666 1325
1661 1333
1656 1341
1661 1357
1644 1355
1626 1352
1620 1359
1614 1366
1608 1373
1609 1387
1599 1390
1610 1412
1590 1406
1578 1409
1568 1411
1583 1438
1591 1458
1578 1458
1568 1462
1560 1468
1548 1469
1532 1467
1526 1474
1525 1486
1536 1509
1533 1519
1527 1527
1507 1520
1493 1519
1486 1525
1482 1535
1484 1550
1492 1572
1510 1605
1583 1698
1582 1712
1575 1719
1562 1720
1559 1732
1569 1758
1569 1774
1561 1781
1557 1791
1556 1806
1546 1811
1534 1812
1534 1829
1526 1835
1520 1844
1502 1839
1487 1837
1478 1842
1471 1849
1488 1887
1477 1891
1468 1896
1468 1913
1460 1920
1447 1921
1435 1923
1427 1929
1424 1942
1418 1952
1411 1960
1405 1970
1398 1978
1389 1984
1381 1990
1378 2005
1363 2002
1350 2002
934 1398
800 1209
760 1159
752 1159
739 1149
735 1153
729 1156
728 1165
728 1176
727 1186
723 1192
763 1270
811 1363
840 1427
895 1535
896 1552
895 1567
886 1567
900 1608
956 1725
984 1793
976 1798
374 697
328 618
293 557
277 533
273 531
277 544
272 541
271 544
267 542
261 536
261 542
259 543
253 537
249 534
249 541
243 535
239 532
237 532
255 580
269 619
300 700
329 776
232 554
221 534
1004 2454
1001 2478
989 2480
980 2487
972 2499
962 2507
953 2516
946 2531
939 2546
929 2554
919 2561
908 2565
900 2578
894 2597
884 2606
874 2614
867 2631
857 2639
846 2644
836 2653
826 2661
818 2676
810 2694
801 2706
790 2711
239 834
251 892
227 821
216 794
210 784
205 782
202 783
199 787
196 787
190 779
175 731
164 699
159 691
154 680
151 681
146 673
143 676
140 674
138 681
135 682
132 683
129 681
126 683
124 685
120 683
117 682
113 680
111 682
107 681
104 680
101 676
96 668
93 668
90 663
86 656
79 620
70 571
66 561
63 558
61 562
59 568
57 569
54 569
51 563
49 562
46 556
42 546
40 546
38 556
35 546
33 546
31 549
28 549
26 551
23 545
20 533
18 533
16 529
13 522
11 527
9 526
6 526
4 526
2 525
0 517
-2 520
-4 519
-6 523
-9 517
-11 504
-13 501
-15 503
-17 507
-19 507
-22 511
-24 503
-26 504
-28 505
-31 509
-33 509
-35 502
-37 502
-39 500
-41 495
-42 491
-45 490
-47 490
-49 489
-51 493
-54 496
-56 497
-59 498
-61 498
-63 501
-65 493
-66 485
-68 484
-70 482
-72 482
-73 477
-75 477
-78 484
-81 489
-82 478
-84 477
-86 477
-88 476
-90 476
-91 472
-93 467
-95 468
-97 468
-101 475
-103 475
-105 475
-106 471
-108 470
-111 473
-112 468
-114 468
-116 466
-118 466
-120 464
-122 466
-123 461
-125 462
-127 458
-130 463
-132 460
-135 464
-135 456
-137 456
-140 459
-142 457
-143 454
-143 448
-147 453
-150 454
-151 451
-155 457
-156 453
-158 453
-160 452
-162 451
-164 451
-166 450
-168 449
-171 452
-175 457
-176 452
-176 448
-178 447
-179 443
-182 446
-184 445
-188 449
-188 444
-189 440
-191 439
-193 440
-201 453
-203 451
-204 447
-205 444
-206 443
-211 448
-212 445
-213 443
-214 440
-216 438
-216 434
-218 433
-218 428
-220 427
-219 422
-218 415
-218 411
-221 413
-233 429
-240 439
-241 435
-235 420
-224 396
-219 383
-214 372
-211 362
-225 382
-227 382
-229 381
-230 380
-233 380
-229 370
-233 373
-235 372
-240 377
-240 373
-240 370
-241 368
-245 370
-246 369
-248 368
-249 367
-251 365
-249 359
-251 358
-252 357
-255 358
-265 368
-264 364
-263 358
-264 357
-267 358
-269 356
-269 354
-269 350
-269 347
-270 346
-272 345
-277 349
-279 347
-282 348
-279 342
-279 338
-280 337
-282 337
-285 337
-289 339
-289 336
-288 331
-289 330
-290 328
-294 329
-295 328
-296 326
-299 326
-302 327
-304 326
-305 324
-300 316
-304 318
-307 317
-306 314
-306 311
-303 306
-304 304
8681187
-484 -484
-473 -477
-473 -482
-477 -489
-472 -489
-466 -487
-464 -489
-462 -491
-458 -492
-452 -489
-449 -490
-449 -495
-447 -497
-444 -497
-433 -489
-426 -486
-427 -491
-422 -490
-420 -492
-410 -485
-400 -477
-377 -454
-323 -392
-289 -354
-281 -347
-281 -350
-278 -349
-278 -353
-278 -356
-281 -363
-279 -364
-282 -371
-282 -374
-283 -378
-278 -377
-279 -380
-275 -378
-273 -379
-277 -389
-278 -393
-279 -398
-276 -398
-272 -396
-271 -399
-267 -397
-266 -398
-263 -398
-262 -400
-266 -410
-272 -423
-269 -422
-279 -443
-277 -444
-294 -475
-338 -551
-348 -574
-357 -595
-360 -606
-362 -616
-362 -621
-358 -620
-354 -620
-352 -623
-349 -624
-348 -628
-343 -626
-344 -634
-339 -631
-340 -640
-338 -642
-336 -645
-331 -644
-328 -645
-324 -644
-323 -647
-321 -652
-321 -659
-318 -661
-315 -662
-311 -660
-307 -659
-304 -661
-301 -660
-297 -661
-296 -665
-297 -676
-295 -678
-291 -678
-288 -680
-288 -687
-285 -690
-278 -681
-279 -690
-275 -691
-274 -697
-271 -698
-270 -703
-266 -702
-264 -707
-263 -713
-264 -727
-263 -733
-259 -733
-257 -736
-255 -741
-252 -744
-248 -742
-251 -763
-249 -769
-256 -800
-259 -822
-255 -823
-252 -826
-249 -830
-247 -835
-244 -838
-242 -845
-239 -850
-236 -851
-232 -851
-229 -856
-225 -857
-223 -862
-220 -867
-218 -876
-213 -871
-210 -877
-207 -879
-203 -881
-201 -889
-199 -898
-195 -901
-192 -903
-188 -906
-184 -904
-180 -905
-177 -910
-173 -913
-170 -920
-166 -921
-162 -922
-160 -933
-157 -939
-153 -941
-150 -947
-146 -949
-142 -951
-138 -952
-135 -961
-129 -955
-106 -807
-101 -798
-100 -819
-112 -948
-111 -978
-107 -982
-104 -995
-101 -1003
-97 -1013
-93 -1021
-89 -1024
-84 -1019
-80 -1027
-75 -1013
-71 -1028
-68 -1043
-63 -1044
-59 -1051
-54 -1030
-47 -987
-42 -981
-37 -952
-33 -946
-28 -928
-24 -928
-20 -929
-15 -907
-10 -835
-6 -744
-3 -751
0 -810
3 -882
7 -897
11 -896
15 -912
20 -939
24 -939
30 -1010
35 -1029
43 -1111
49 -1140
56 -1177
62 -1186
67 -1188
72 -1191
78 -1203
84 -1209
89 -1209
95 -1213
102 -1231
108 -1239
114 -1240
113 -1179
118 -1179
124 -1183
130 -1193
135 -1193
148 -1253
153 -1247
150 -1185
151 -1153
152 -1118
156 -1112
164 -1137
178 -1192
192 -1252
206 -1306
214 -1319
216 -1294
206 -1203
208 -1179
213 -1178
221 -1197
233 -1231
251 -1294
253 -1275
250 -1230
251 -1208
257 -1210
259 -1197
260 -1173
250 -1108
246 -1065
256 -1088
282 -1174
291 -1189
298 -1195
302 -1191
308 -1191
313 -1189
318 -1188
324 -1190
327 -1181
331 -1176
337 -1176
341 -1172
347 -1171
351 -1168
354 -1159
358 -1153
362 -1148
366 -1145
372 -1146
374 -1136
380 -1136
386 -1137
391 -1137
396 -1134
399 -1128
405 -1129
409 -1123
417 -1132
434 -1163
443 -1169
464 -1209
469 -1206
480 -1220
492 -1233
522 -1294
556 -1360
565 -1365
558 -1330
549 -1294
530 -1234
502 -1155
459 -1044
405 -909
397 -883
404 -888
410 -889
412 -883
413 -876
418 -877
421 -873
423 -868
427 -866
431 -865
434 -862
437 -858
440 -856
441 -848
446 -847
445 -837
456 -849
458 -843
481 -878
538 -971
621 -1109
645 -1140
661 -1157
670 -1161
674 -1156
676 -1147
676 -1137
685 -1140
688 -1135
684 -1117
683 -1103
629 -1006
524 -830
504 -791
492 -766
492 -758
494 -754
498 -752
501 -750
501 -743
504 -741
504 -733
514 -741
517 -739
525 -743
524 -735
525 -729
528 -727
530 -724
535 -724
537 -719
543 -721
550 -723
554 -722
568 -733
585 -749
594 -754
2424 -3047
2410 -3003
2414 -2981
2429 -2973
2439 -2959
2452 -2949
1577 -1879
1521 -1797
1435 -1680
1435 -1665
1441 -1658
1432 -1633
1401 -1584
1382 -1548
881 -978
710 -781
672 -734
650 -703
630 -676
629 -669
624 -657
627 -655
626 -648
618 -634
615 -626
618 -623
623 -623
622 -616
617 -606
619 -603
624 -602
628 -601
625 -593
628 -591
627 -585
626 -579
627 -574
631 -573
634 -571
628 -560
629 -556
632 -554
634 -551
639 -550
633 -540
635 -538
641 -538
641 -533
641 -528
642 -525
648 -524
648 -520
651 -518
657 -518
658 -514
659 -510
662 -508
661 -502
664 -500
671 -501
674 -499
673 -493
674 -490
676 -487
676 -482
673 -476
677 -474
679 -471
682 -468
681 -464
680 -459
681 -455
682 -451
687 -450
685 -444
693 -445
695 -443
696 -439
703 -439
677 -419
686 -420
719 -436
720 -433
724 -431
728 -429
730 -426
730 -421
731 -418
738 -418
751 -420
756 -419
770 -422
783 -425
790 -424
848 -451
864 -454
866 -451
863 -444
860 -438
878 -442
883 -440
885 -436
902 -440
907 -437
913 -435
942 -444
4874 -2272
4903 -2260
4914 -2239
4931 -2221
4948 -2203
2665 -1172
2677 -1164
2647 -1137
2645 -1122
2643 -1108
2629 -1089
2622 -1072
2626 -1061
2614 -1043
2610 -1028
2608 -1014
2612 -1002
2617 -991
2616 -978
2617 -965
2621 -954
2625 -942
2617 -926
2617 -914
2626 -904
2626 -891
2636 -882
2645 -872
2652 -861
2656 -850
2679 -844
2681 -832
2668 -815
2666 -802
2671 -791
2670 -778
2679 -768
2709 -764
2709 -751
2746 -748
2822 -756
3258 -858
3320 -858
3315 -842
3312 -825
2844 -695
2672 -641
2610 -614
2584 -596
2570 -581
2540 -563
2497 -542
2495 -530
2495 -519
2497 -508
2500 -497
2495 -485
2492 -473
2493 -462
2490 -450
2482 -437
2489 -427
2491 -416
2485 -404
2486 -393
2484 -382
2485 -371
2488 -360
2489 -349
2482 -337
2466 -324
2423 -308
2410 -296
2407 -284
2406 -274
2406 -263
2411 -253
2430 -244
2441 -235
2448 -225
2459 -215
2465 -204
2471 -194
2475 -183
2487 -173
2499 -163
2507 -153
2518 -143
2521 -132
2542 -122
2572 -112
2612 -102
2688 -93
2729 -83
2756 -72
2772 -60
2769 -48
2796 -36
2834 -24
2911 -12
3065 0
3448 15
3416 29
3372 44
3361 58
3365 73
3499 91
3510 107
3499 122
3485 136
3477 151
3451 165
3413 178
3330 189
3236 197
3186 208
3162 221
3162 234
3158 248
3123 259
2985 261
2958 271
2917 280
2915 293
2893 304
2870 314
2861 326
2853 337
2848 349
2836 360
2809 369
2809 382
2797 393
2791 404
2779 415
2764 425
2742 434
2728 444
2717 454
2703 464
2701 476
2706 489
2710 502
2758 523
2884 560
2962 589
3010 612
3001 624
2990 635
2987 648
3015 668
3018 683
3019 697
2962 697
2758 662
2698 660
2695 672
2905 737
2947 762
2955 778
2964 794
2960 807
2949 818
2932 827
2927 839
2923 852
2900 859
2895 871
2820 862
2816 874
2547 803
2573 823
2533 823
2509 827
2509 839
2501 849
2520 867
2478 865
2579 913
2690 966
2696 981
2747 1013
2743 1025
2742 1039
2739 1051
2732 1062
2726 1073
2720 1085
2719 1098
2713 1110
2708 1122
2700 1132
2687 1140
2679 1151
2667 1159
2658 1169
2652 1180
2646 1192
2628 1198
2620 1208
2583 1204
1968 928
1845 880
1783 860
1758 857
1738 857
1733 864
1743 879
1744 888
1741 896
1745 908
1748 920
1753 932
1752 941
1757 954
1762 966
1764 977
1760 986
1756 993
1751 1000
1754 1012
1748 1019
1755 1033
1756 1045
1756 1055
1754 1064
1754 1075
1750 1082
1757 1097
1751 1105
1744 1111
1744 1121
1741 1131
1741 1142
1738 1150
1744 1165
1742 1175
1767 1203
1788 1229
1814 1258
1897 1328
2239 1582
2264 1615
2269 1634
2265 1645
2247 1647
2196 1625
1822 1361
1737 1308
1699 1292
1689 1296
1658 1284
1658 1295
1658 1307
1661 1321
1664 1335
1658 1342
1647 1346
1638 1350
1626 1352
1614 1354
1608 1362
1602 1369
1603 1381
1625 1413
1603 1406
1593 1410
1586 1416
1574 1417
1584 1439
1591 1458
1580 1460
1573 1466
1567 1474
1548 1469
1534 1468
1527 1474
1533 1493
1532 1505
1529 1516
1516 1516
1505 1519
1499 1525
1490 1530
1481 1533
1486 1553
1486 1566
1510 1606
1583 1698
1588 1718
1582 1727
1569 1728
1563 1735
1565 1753
1563 1766
1565 1785
1559 1793
1555 1805
1539 1802
1542 1821
1534 1829
1525 1833
1517 1841
1507 1844
1496 1848
1482 1846
1480 1861
1477 1873
1475 1888
1471 1900
1464 1908
1459 1919
1452 1927
1444 1934
1435 1939
1428 1947
1416 1949
1409 1957
1403 1967
1398 1979
1393 1989
1384 1995
1372 1996
1357 1993
1347 1997
937 1403
794 1200
763 1164
745 1148
745 1158
739 1161
735 1166
723 1158
718 1161
718 1172
720 1187
762 1268
821 1381
850 1443
897 1539
900 1558
896 1567
889 1571
900 1608
930 1678
963 1756
630 1161
401 746
316 595
300 571
279 536
272 528
269 528
270 537
269 539
264 536
263 540
260 539
260 545
257 546
251 538
247 536
243 533
234 521
237 532
256 583
265 611
299 697
327 771
327 780
222 536
1003 2453
996 2465
988 2477
980 2487
969 2494
963 2509
951 2512
944 2525
937 2540
929 2555
918 2557
908 2566
900 2578
893 2595
885 2607
877 2624
867 2631
857 2639
843 2636
835 2648
829 2672
818 2677
811 2696
800 2703
789 2708
278 970
249 884
232 839
219 803
208 779
205 780
202 781
198 781
194 781
189 773
174 726
165 700
160 696
156 689
149 673
145 670
142 671
141 680
136 673
134 677
132 680
129 680
126 683
123 680
119 680
116 680
113 679
110 679
107 677
103 673
100 673
96 668
93 662
90 664
85 647
78 615
70 577
66 562
64 566
61 565
59 563
56 565
55 572
52 573
49 568
46 564
43 554
40 539
38 543
35 542
32 535
30 538
28 539
26 542
23 541
21 541
18 535
16 535
14 535
11 531
9 518
6 526
4 528
2 527
0 521
-2 515
-4 516
-6 515
-9 515
-11 514
-13 517
-15 517
-17 508
-19 497
-21 495
-24 500
-26 508
-29 513
-31 513
-33 512
-35 508
-37 509
-39 507
-41 495
-43 495
-45 493
-46 483
-48 482
-52 496
-54 500
-56 499
-59 504
-61 501
-64 504
-66 502
-67 494
-67 482
-69 478
-72 487
-75 488
-77 486
-78 484
-80 480
-82 478
-83 473
-87 483
-89 481
-90 478
-92 478
-94 474
-96 475
-98 475
-100 474
-102 472
-104 472
-105 467
-109 472
-111 472
-111 464
-113 464
-115 461
-117 461
-119 462
-121 462
-121 454
-122 449
-124 448
-126 448
-129 450
-133 456
-137 463
-138 458
-139 456
-140 451
-141 450
-143 449
-146 449
-150 455
-152 455
-152 448
-155 451
-157 452
-159 451
-161 450
-165 453
-168 457
-172 460
-174 460
-174 454
-175 452
-176 447
-178 446
-180 446
-183 448
-186 449
-192 458
-194 459
-192 448
-194 448
-194 441
-195 439
-198 440
-201 442
-203 441
-204 437
-204 433
-206 433
-208 431
-209 430
-212 430
-214 430
-216 429
-219 431
-221 429
-223 429
-222 423
-223 420
-227 422
-229 423
-238 433
-246 445
-240 430
-218 386
-216 379
-217 376
-213 366
-224 381
-226 380
-231 384
-228 377
-230 376
-236 381
-237 380
-237 377
-237 372
-235 366
-239 369
-243 371
-245 371
-246 368
-252 374
-256 376
-255 371
-256 369
-256 366
-256 363
-257 361
-258 359
-263 362
-264 361
-263 356
-265 354
-264 350
-265 349
-266 347
-268 346
-269 345
-273 347
-274 345
-276 344
-280 345
-281 344
-280 340
-281 338
-282 337
-286 338
-288 337
-283 328
-286 329
-290 330
-290 328
-289 324
-288 320
-293 322
-299 326
-297 322
-296 318
-297 316
-302 318
-304 317
-308 319
-310 318
-301 306
-302 304
-314 314
